1
1
54
0
(16 0
((0,0) (79,31) (0,0))
((80,0) (159,31) (0,0))
((160,0) (239,31) (0,0))
((240,0) (319,31) (0,0))
((320,0) (399,31) (0,0))
((400,0) (479,31) (0,0))
((480,0) (559,31) (0,0))
((560,0) (639,31) (0,0))
((0,32) (79,63) (0,0))
((80,32) (159,63) (0,0))
((160,32) (239,63) (0,0))
((240,32) (319,63) (0,0))
((320,32) (399,63) (0,0))
((400,32) (479,63) (0,0))
((480,32) (559,63) (0,0))
((560,32) (639,63) (0,0))
)
16
FabOnDisk: Cell_D_00000 0
FabOnDisk: Cell_D_00002 0
FabOnDisk: Cell_D_00004 0
FabOnDisk: Cell_D_00006 0
FabOnDisk: Cell_D_00008 0
FabOnDisk: Cell_D_00010 0
FabOnDisk: Cell_D_00012 0
FabOnDisk: Cell_D_00014 0
FabOnDisk: Cell_D_00001 0
FabOnDisk: Cell_D_00003 0
FabOnDisk: Cell_D_00005 0
FabOnDisk: Cell_D_00007 0
FabOnDisk: Cell_D_00009 0
FabOnDisk: Cell_D_00011 0
FabOnDisk: Cell_D_00013 0
FabOnDisk: Cell_D_00015 0

16,54
0.0000000000000000e+00,1.0373763982246960e+00,4.3258535744560454e+01,1.4152059584150196e+00,1.0761497962540936e+00,1.8713216913663430e+03,2.2530934132352014e+00,6.5794848695335816e+01,9.2922035374696743e-01,0.0000000000000000e+00,0.0000000000000000e+00,0.0000000000000000e+00,1.0185167632894290e+00,0.0000000000000000e+00,0.0000000000000000e+00,0.0000000000000000e+00,0.0000000000000000e+00,0.0000000000000000e+00,0.0000000000000000e+00,2.3115123008178596e+09,-3.1585642907117932e+18,0.0000000000000000e+00,0.0000000000000000e+00,5.8849255970211033e+28,0.0000000000000000e+00,2.3113875539386883e+09,-3.0023701463035695e+03,0.0000000000000000e+00,0.0000000000000000e+00,5.8728680531089036e+28,0.0000000000000000e+00,1.9576226843696343e+28,0.0000000000000000e+00,0.0000000000000000e+00,0.0000000000000000e+00,2.5408147706454249e+19,0.0000000000000000e+00,0.0000000000000000e+00,0.0000000000000000e+00,0.0000000000000000e+00,0.0000000000000000e+00,0.0000000000000000e+00,0.0000000000000000e+00,1.3333333333333328e+00,3.2988337281056876e+04,1.1017703392135070e-05,0.0000000000000000e+00,0.0000000000000000e+00,0.0000000000000000e+00,0.0000000000000000e+00,0.0000000000000000e+00,0.0000000000000000e+00,0.0000000000000000e+00,0.0000000000000000e+00,
0.0000000000000000e+00,1.0248153546942387e+00,8.3231097065621498e+01,2.7229110386034696e+00,1.0502465121227214e+00,6.9274363377809996e+03,8.3407151508323985e+00,2.3504891468467233e+02,9.6386219870638157e-01,0.0000000000000000e+00,0.0000000000000000e+00,0.0000000000000000e+00,1.0123316425328763e+00,0.0000000000000000e+00,0.0000000000000000e+00,0.0000000000000000e+00,0.0000000000000000e+00,0.0000000000000000e+00,0.0000000000000000e+00,6.6260232766683078e+08,-7.6522705599964301e+17,0.0000000000000000e+00,0.0000000000000000e+00,1.1181646826167166e+28,0.0000000000000000e+00,6.6251464414003980e+08,-4.7589377791451043e+03,0.0000000000000000e+00,0.0000000000000000e+00,1.1098912963182494e+28,0.0000000000000000e+00,3.6996376543941641e+27,0.0000000000000000e+00,0.0000000000000000e+00,0.0000000000000000e+00,1.6752628503966800e+19,0.0000000000000000e+00,0.0000000000000000e+00,0.0000000000000000e+00,0.0000000000000000e+00,0.0000000000000000e+00,0.0000000000000000e+00,0.0000000000000000e+00,1.3333333333333328e+00,2.6953758091181382e+04,3.2509336097641278e-06,0.0000000000000000e+00,0.0000000000000000e+00,0.0000000000000000e+00,0.0000000000000000e+00,0.0000000000000000e+00,0.0000000000000000e+00,0.0000000000000000e+00,0.0000000000000000e+00,
0.0000000000000000e+00,1.0185732752502192e+00,1.2322190087068658e+02,4.0312129229050138e+00,1.0374915173381702e+00,1.5183657681146309e+04,1.8281303138868815e+01,5.0900943927322663e+02,9.7573722098271665e-01,0.0000000000000000e+00,0.0000000000000000e+00,0.0000000000000000e+00,1.0092439126298764e+00,0.0000000000000000e+00,0.0000000000000000e+00,0.0000000000000000e+00,0.0000000000000000e+00,0.0000000000000000e+00,0.0000000000000000e+00,2.6969130639574343e+08,-3.3659444263539520e+17,0.0000000000000000e+00,0.0000000000000000e+00,3.4114792128219463e+27,0.0000000000000000e+00,2.6962245502454227e+08,-6.6502751632601603e+03,0.0000000000000000e+00,0.0000000000000000e+00,3.3473031994333553e+27,0.0000000000000000e+00,1.1157677331444514e+27,0.0000000000000000e+00,0.0000000000000000e+00,0.0000000000000000e+00,1.2414745129735346e+19,0.0000000000000000e+00,0.0000000000000000e+00,0.0000000000000000e+00,0.0000000000000000e+00,0.0000000000000000e+00,0.0000000000000000e+00,0.0000000000000000e+00,1.3333333333333328e+00,2.3276336486370117e+04,1.3911144207104077e-06,0.0000000000000000e+00,0.0000000000000000e+00,0.0000000000000000e+00,0.0000000000000000e+00,0.0000000000000000e+00,0.0000000000000000e+00,0.0000000000000000e+00,0.0000000000000000e+00,
0.0000000000000000e+00,1.0148402902837135e+00,1.6321729329531570e+02,5.3396649242097372e+00,1.0299008148989734e+00,2.6639905660393215e+04,3.2074760982871950e+01,8.8766267288331574e+02,9.8173814340783028e-01,0.0000000000000000e+00,0.0000000000000000e+00,0.0000000000000000e+00,1.0073928182467733e+00,0.0000000000000000e+00,0.0000000000000000e+00,0.0000000000000000e+00,0.0000000000000000e+00,0.0000000000000000e+00,0.0000000000000000e+00,2.3110348530121915e+07,-1.8835926027073306e+17,0.0000000000000000e+00,0.0000000000000000e+00,3.0810197670359761e+26,0.0000000000000000e+00,2.2776900207856935e+07,-5.2483840133465346e+04,0.0000000000000000e+00,0.0000000000000000e+00,3.8738623329504869e+24,0.0000000000000000e+00,1.2912874443168287e+24,0.0000000000000000e+00,0.0000000000000000e+00,0.0000000000000000e+00,1.7007849327393277e+17,0.0000000000000000e+00,0.0000000000000000e+00,0.0000000000000000e+00,0.0000000000000000e+00,0.0000000000000000e+00,0.0000000000000000e+00,0.0000000000000000e+00,1.3333333333333328e+00,2.7490247565607201e+03,2.2381040327737735e-07,0.0000000000000000e+00,0.0000000000000000e+00,0.0000000000000000e+00,0.0000000000000000e+00,0.0000000000000000e+00,0.0000000000000000e+00,0.0000000000000000e+00,0.0000000000000000e+00,
0.0000000000000000e+00,1.0123567341624167e+00,2.0321452570309717e+02,6.6481771206892573e+00,1.0248661572596758e+00,4.1296164287769127e+04,4.9721069433398903e+01,1.3710059104039155e+03,9.8535924763828997e-01,0.0000000000000000e+00,0.0000000000000000e+00,0.0000000000000000e+00,1.0061593979825791e+00,0.0000000000000000e+00,0.0000000000000000e+00,0.0000000000000000e+00,0.0000000000000000e+00,0.0000000000000000e+00,0.0000000000000000e+00,1.7611447712851547e+07,-1.2017454269081976e+17,0.0000000000000000e+00,0.0000000000000000e+00,1.9529337326220914e+26,0.0000000000000000e+00,1.7399836320893068e+07,-4.9940481748538703e+04,0.0000000000000000e+00,0.0000000000000000e+00,2.7052757629898697e+24,0.0000000000000000e+00,9.0175858766328968e+23,0.0000000000000000e+00,0.0000000000000000e+00,0.0000000000000000e+00,1.5547704014221056e+17,0.0000000000000000e+00,0.0000000000000000e+00,0.0000000000000000e+00,0.0000000000000000e+00,0.0000000000000000e+00,0.0000000000000000e+00,0.0000000000000000e+00,1.3333333333333326e+00,2.6284019934452822e+03,1.2430131404613682e-07,0.0000000000000000e+00,0.0000000000000000e+00,0.0000000000000000e+00,0.0000000000000000e+00,0.0000000000000000e+00,0.0000000000000000e+00,0.0000000000000000e+00,0.0000000000000000e+00,
0.0000000000000000e+00,1.0105852609163237e+00,2.4321267936876646e+02,7.9567194561836478e+00,1.0212825696112997e+00,5.9152428237470398e+04,7.1220222078119164e+01,1.9590382563275903e+03,9.8778194076639825e-01,0.0000000000000000e+00,0.0000000000000000e+00,0.0000000000000000e+00,1.0052786981274924e+00,0.0000000000000000e+00,0.0000000000000000e+00,0.0000000000000000e+00,0.0000000000000000e+00,0.0000000000000000e+00,0.0000000000000000e+00,1.3995715258521261e+07,-8.3283141303018160e+16,0.0000000000000000e+00,0.0000000000000000e+00,1.3283799977980777e+26,0.0000000000000000e+00,1.3851693228047062e+07,-4.5722002855483996e+04,0.0000000000000000e+00,0.0000000000000000e+00,1.9959751220621274e+24,0.0000000000000000e+00,6.6532504068737572e+23,0.0000000000000000e+00,0.0000000000000000e+00,0.0000000000000000e+00,1.4409608282131370e+17,0.0000000000000000e+00,0.0000000000000000e+00,0.0000000000000000e+00,0.0000000000000000e+00,0.0000000000000000e+00,0.0000000000000000e+00,0.0000000000000000e+00,1.3333333333333324e+00,2.5303955198856129e+03,7.6804280042238728e-08,0.0000000000000000e+00,0.0000000000000000e+00,0.0000000000000000e+00,0.0000000000000000e+00,0.0000000000000000e+00,0.0000000000000000e+00,0.0000000000000000e+00,0.0000000000000000e+00,
0.0000000000000000e+00,1.0092580195895193e+00,2.8321135993406057e+02,9.2652790292353373e+00,1.0186017501233047e+00,8.0208695227859338e+04,9.6572216169914000e+01,2.6517593283800838e+03,9.8951667898266149e-01,0.0000000000000000e+00,0.0000000000000000e+00,0.0000000000000000e+00,1.0046183452362258e+00,0.0000000000000000e+00,0.0000000000000000e+00,0.0000000000000000e+00,0.0000000000000000e+00,0.0000000000000000e+00,0.0000000000000000e+00,1.1469238166577125e+07,-6.1097901916855072e+16,0.0000000000000000e+00,0.0000000000000000e+00,9.5142836100644489e+25,0.0000000000000000e+00,1.1366061608763492e+07,-4.2411119773780898e+04,0.0000000000000000e+00,0.0000000000000000e+00,1.5333146984641119e+24,0.0000000000000000e+00,5.1110489948803715e+23,0.0000000000000000e+00,0.0000000000000000e+00,0.0000000000000000e+00,1.3490288218721282e+17,0.0000000000000000e+00,0.0000000000000000e+00,0.0000000000000000e+00,0.0000000000000000e+00,0.0000000000000000e+00,0.0000000000000000e+00,0.0000000000000000e+00,1.3333333333333326e+00,2.4483635115511765e+03,5.0997181391730488e-08,0.0000000000000000e+00,0.0000000000000000e+00,0.0000000000000000e+00,0.0000000000000000e+00,0.0000000000000000e+00,0.0000000000000000e+00,0.0000000000000000e+00,0.0000000000000000e+00,
0.0000000000000000e+00,1.0082265283744518e+00,3.2321037001612848e+02,1.0573849382450843e+01,1.0165207325289383e+00,1.0446496411839695e+05,1.2577705033556110e+02,3.4491689359207307e+03,9.9082006053039728e-01,0.0000000000000000e+00,0.0000000000000000e+00,0.0000000000000000e+00,1.0041048393328951e+00,0.0000000000000000e+00,0.0000000000000000e+00,0.0000000000000000e+00,0.0000000000000000e+00,0.0000000000000000e+00,0.0000000000000000e+00,9.6220511544661075e+06,-4.6726665523148880e+16,0.0000000000000000e+00,0.0000000000000000e+00,7.0883909323243077e+25,0.0000000000000000e+00,9.5451820817355495e+06,-3.9723173742012747e+04,0.0000000000000000e+00,0.0000000000000000e+00,1.2148712052665655e+24,0.0000000000000000e+00,4.0495706842218847e+23,0.0000000000000000e+00,0.0000000000000000e+00,0.0000000000000000e+00,1.2727583944693094e+17,0.0000000000000000e+00,0.0000000000000000e+00,0.0000000000000000e+00,0.0000000000000000e+00,0.0000000000000000e+00,0.0000000000000000e+00,0.0000000000000000e+00,1.3333333333333326e+00,2.3781581179979721e+03,3.2573801436247455e-08,0.0000000000000000e+00,0.0000000000000000e+00,0.0000000000000000e+00,0.0000000000000000e+00,0.0000000000000000e+00,0.0000000000000000e+00,0.0000000000000000e+00,0.0000000000000000e+00,
0.0000000000000000e+00,1.0373763982246960e+00,4.3258535744560454e+01,1.4152059584150820e+00,1.0761497962540938e+00,1.8713216913663430e+03,2.2530934132354017e+00,6.5794848695338700e+01,9.2922035374696732e-01,0.0000000000000000e+00,0.0000000000000000e+00,0.0000000000000000e+00,1.0185167632894288e+00,0.0000000000000000e+00,0.0000000000000000e+00,0.0000000000000000e+00,0.0000000000000000e+00,0.0000000000000000e+00,0.0000000000000000e+00,2.3115123008178596e+09,-3.1585642907117932e+18,0.0000000000000000e+00,0.0000000000000000e+00,5.8849255970211024e+28,0.0000000000000000e+00,2.3113875539386878e+09,-3.0023701463035700e+03,0.0000000000000000e+00,0.0000000000000000e+00,5.8728680531089036e+28,0.0000000000000000e+00,1.9576226843696339e+28,0.0000000000000000e+00,0.0000000000000000e+00,0.0000000000000000e+00,2.5408147706454254e+19,0.0000000000000000e+00,0.0000000000000000e+00,0.0000000000000000e+00,0.0000000000000000e+00,0.0000000000000000e+00,0.0000000000000000e+00,0.0000000000000000e+00,1.3333333333333326e+00,3.2988337281056876e+04,1.1017703392135070e-05,0.0000000000000000e+00,0.0000000000000000e+00,0.0000000000000000e+00,0.0000000000000000e+00,0.0000000000000000e+00,0.0000000000000000e+00,0.0000000000000000e+00,0.0000000000000000e+00,
0.0000000000000000e+00,1.0248153546942387e+00,8.3231097065621512e+01,2.7229110386035900e+00,1.0502465121227211e+00,6.9274363377809987e+03,8.3407151508331303e+00,2.3504891468468267e+02,9.6386219870638168e-01,0.0000000000000000e+00,0.0000000000000000e+00,0.0000000000000000e+00,1.0123316425328763e+00,0.0000000000000000e+00,0.0000000000000000e+00,0.0000000000000000e+00,0.0000000000000000e+00,0.0000000000000000e+00,0.0000000000000000e+00,6.6260232766683066e+08,-7.6522705599964288e+17,0.0000000000000000e+00,0.0000000000000000e+00,1.1181646780161838e+28,0.0000000000000000e+00,6.6251464414004445e+08,-4.7589377791451352e+03,0.0000000000000000e+00,0.0000000000000000e+00,1.1098912917193496e+28,0.0000000000000000e+00,3.6996376390644986e+27,0.0000000000000000e+00,0.0000000000000000e+00,0.0000000000000000e+00,1.6752628434538639e+19,0.0000000000000000e+00,0.0000000000000000e+00,0.0000000000000000e+00,0.0000000000000000e+00,0.0000000000000000e+00,0.0000000000000000e+00,0.0000000000000000e+00,1.3333333333333328e+00,2.6953758036681633e+04,3.2509372249122456e-06,0.0000000000000000e+00,0.0000000000000000e+00,0.0000000000000000e+00,0.0000000000000000e+00,0.0000000000000000e+00,0.0000000000000000e+00,0.0000000000000000e+00,0.0000000000000000e+00,
0.0000000000000000e+00,1.0185732752502190e+00,1.2322190087068657e+02,4.0312129229051914e+00,1.0374915173381702e+00,1.5183657681146311e+04,1.8281303138870438e+01,5.0900943927324914e+02,9.7573722098271665e-01,0.0000000000000000e+00,0.0000000000000000e+00,0.0000000000000000e+00,1.0092439126298764e+00,0.0000000000000000e+00,0.0000000000000000e+00,0.0000000000000000e+00,0.0000000000000000e+00,0.0000000000000000e+00,0.0000000000000000e+00,2.6969130639574343e+08,-3.3659444259558534e+17,0.0000000000000000e+00,0.0000000000000000e+00,3.4114764386629830e+27,0.0000000000000000e+00,2.6962245502505064e+08,-6.6502751632726267e+03,0.0000000000000000e+00,0.0000000000000000e+00,3.3473004271708236e+27,0.0000000000000000e+00,1.1157668090569411e+27,0.0000000000000000e+00,0.0000000000000000e+00,0.0000000000000000e+00,1.2414734848025301e+19,0.0000000000000000e+00,0.0000000000000000e+00,0.0000000000000000e+00,0.0000000000000000e+00,0.0000000000000000e+00,0.0000000000000000e+00,0.0000000000000000e+00,1.3333333333333326e+00,2.3276327022166122e+04,1.3912219368383802e-06,0.0000000000000000e+00,0.0000000000000000e+00,0.0000000000000000e+00,0.0000000000000000e+00,0.0000000000000000e+00,0.0000000000000000e+00,0.0000000000000000e+00,0.0000000000000000e+00,
0.0000000000000000e+00,1.0148402902837133e+00,1.6321729329531573e+02,5.3396649242099725e+00,1.0299008148989734e+00,2.6639905660393215e+04,3.2074760982874785e+01,8.8766267288335462e+02,9.8173814340783017e-01,0.0000000000000000e+00,0.0000000000000000e+00,0.0000000000000000e+00,1.0073928182467733e+00,0.0000000000000000e+00,0.0000000000000000e+00,0.0000000000000000e+00,0.0000000000000000e+00,0.0000000000000000e+00,0.0000000000000000e+00,2.3110348530121911e+07,-1.8835925756024397e+17,0.0000000000000000e+00,0.0000000000000000e+00,3.0810197670359757e+26,0.0000000000000000e+00,2.2776900207856935e+07,-5.2483840133465346e+04,0.0000000000000000e+00,0.0000000000000000e+00,3.8738623329504692e+24,0.0000000000000000e+00,1.2912874443168225e+24,0.0000000000000000e+00,0.0000000000000000e+00,0.0000000000000000e+00,1.7007849327393197e+17,0.0000000000000000e+00,0.0000000000000000e+00,0.0000000000000000e+00,0.0000000000000000e+00,0.0000000000000000e+00,0.0000000000000000e+00,0.0000000000000000e+00,1.3333333333333326e+00,2.7490247565607142e+03,2.2381040327737735e-07,0.0000000000000000e+00,0.0000000000000000e+00,0.0000000000000000e+00,0.0000000000000000e+00,0.0000000000000000e+00,0.0000000000000000e+00,0.0000000000000000e+00,0.0000000000000000e+00,
0.0000000000000000e+00,1.0123567341624167e+00,2.0321452570309717e+02,6.6481771206895530e+00,1.0248661572596758e+00,4.1296164287769134e+04,4.9721069433403294e+01,1.3710059104039767e+03,9.8535924763828986e-01,0.0000000000000000e+00,0.0000000000000000e+00,0.0000000000000000e+00,1.0061593979825791e+00,0.0000000000000000e+00,0.0000000000000000e+00,0.0000000000000000e+00,0.0000000000000000e+00,0.0000000000000000e+00,0.0000000000000000e+00,1.7611447712851543e+07,-1.2017454269081976e+17,0.0000000000000000e+00,0.0000000000000000e+00,1.9529337326220914e+26,0.0000000000000000e+00,1.7399836320893064e+07,-4.9940481748538710e+04,0.0000000000000000e+00,0.0000000000000000e+00,2.7052757629898906e+24,0.0000000000000000e+00,9.0175858766329666e+23,0.0000000000000000e+00,0.0000000000000000e+00,0.0000000000000000e+00,1.5547704014221171e+17,0.0000000000000000e+00,0.0000000000000000e+00,0.0000000000000000e+00,0.0000000000000000e+00,0.0000000000000000e+00,0.0000000000000000e+00,0.0000000000000000e+00,1.3333333333333326e+00,2.6284019934452922e+03,1.2430131404613682e-07,0.0000000000000000e+00,0.0000000000000000e+00,0.0000000000000000e+00,0.0000000000000000e+00,0.0000000000000000e+00,0.0000000000000000e+00,0.0000000000000000e+00,0.0000000000000000e+00,
0.0000000000000000e+00,1.0105852609163237e+00,2.4321267936876640e+02,7.9567194561839987e+00,1.0212825696112997e+00,5.9152428237470391e+04,7.1220222078125417e+01,1.9590382563276762e+03,9.8778194076639803e-01,0.0000000000000000e+00,0.0000000000000000e+00,0.0000000000000000e+00,1.0052786981274924e+00,0.0000000000000000e+00,0.0000000000000000e+00,0.0000000000000000e+00,0.0000000000000000e+00,0.0000000000000000e+00,0.0000000000000000e+00,1.3995715258521263e+07,-8.3283141303018160e+16,0.0000000000000000e+00,0.0000000000000000e+00,1.3283799977980781e+26,0.0000000000000000e+00,1.3851693228047060e+07,-4.5722002855484003e+04,0.0000000000000000e+00,0.0000000000000000e+00,1.9959751220621408e+24,0.0000000000000000e+00,6.6532504068738015e+23,0.0000000000000000e+00,0.0000000000000000e+00,0.0000000000000000e+00,1.4409608282131467e+17,0.0000000000000000e+00,0.0000000000000000e+00,0.0000000000000000e+00,0.0000000000000000e+00,0.0000000000000000e+00,0.0000000000000000e+00,0.0000000000000000e+00,1.3333333333333328e+00,2.5303955198856211e+03,7.6804280042238715e-08,0.0000000000000000e+00,0.0000000000000000e+00,0.0000000000000000e+00,0.0000000000000000e+00,0.0000000000000000e+00,0.0000000000000000e+00,0.0000000000000000e+00,0.0000000000000000e+00,
0.0000000000000000e+00,1.0092580195895193e+00,2.8321135993406057e+02,9.2652790292357476e+00,1.0186017501233045e+00,8.0208695227859323e+04,9.6572216169922555e+01,2.6517593283802016e+03,9.8951667898266149e-01,0.0000000000000000e+00,0.0000000000000000e+00,0.0000000000000000e+00,1.0046183452362256e+00,0.0000000000000000e+00,0.0000000000000000e+00,0.0000000000000000e+00,0.0000000000000000e+00,0.0000000000000000e+00,0.0000000000000000e+00,1.1469238166577119e+07,-6.1097901916855072e+16,0.0000000000000000e+00,0.0000000000000000e+00,9.5142836100644455e+25,0.0000000000000000e+00,1.1366061608763492e+07,-4.2411119773780898e+04,0.0000000000000000e+00,0.0000000000000000e+00,1.5333146984641078e+24,0.0000000000000000e+00,5.1110489948803581e+23,0.0000000000000000e+00,0.0000000000000000e+00,0.0000000000000000e+00,1.3490288218721245e+17,0.0000000000000000e+00,0.0000000000000000e+00,0.0000000000000000e+00,0.0000000000000000e+00,0.0000000000000000e+00,0.0000000000000000e+00,0.0000000000000000e+00,1.3333333333333328e+00,2.4483635115511734e+03,5.0997181391730488e-08,0.0000000000000000e+00,0.0000000000000000e+00,0.0000000000000000e+00,0.0000000000000000e+00,0.0000000000000000e+00,0.0000000000000000e+00,0.0000000000000000e+00,0.0000000000000000e+00,
0.0000000000000000e+00,1.0082265283744518e+00,3.2321037001612854e+02,1.0573849382451314e+01,1.0165207325289383e+00,1.0446496411839694e+05,1.2577705033557226e+02,3.4491689359208835e+03,9.9082006053039740e-01,0.0000000000000000e+00,0.0000000000000000e+00,0.0000000000000000e+00,1.0041048393328951e+00,0.0000000000000000e+00,0.0000000000000000e+00,0.0000000000000000e+00,0.0000000000000000e+00,0.0000000000000000e+00,0.0000000000000000e+00,9.6220511544661056e+06,-4.6726665523148888e+16,0.0000000000000000e+00,0.0000000000000000e+00,7.0883909323243077e+25,0.0000000000000000e+00,9.5451820817355458e+06,-3.9723173742012747e+04,0.0000000000000000e+00,0.0000000000000000e+00,1.2148712052665655e+24,0.0000000000000000e+00,4.0495706842218847e+23,0.0000000000000000e+00,0.0000000000000000e+00,0.0000000000000000e+00,1.2727583944693091e+17,0.0000000000000000e+00,0.0000000000000000e+00,0.0000000000000000e+00,0.0000000000000000e+00,0.0000000000000000e+00,0.0000000000000000e+00,0.0000000000000000e+00,1.3333333333333326e+00,2.3781581179979721e+03,3.2573801436247455e-08,0.0000000000000000e+00,0.0000000000000000e+00,0.0000000000000000e+00,0.0000000000000000e+00,0.0000000000000000e+00,0.0000000000000000e+00,0.0000000000000000e+00,0.0000000000000000e+00,

16,54
0.0000000000000000e+00,1.0747225018163951e+00,8.2731270336744004e+01,8.2698060696481775e+01,1.1550285303245080e+00,6.8444839103858121e+03,6.8389909276288081e+03,7.0974542623556381e+03,9.6363974973377620e-01,0.0000000000000000e+00,0.0000000000000000e+00,0.0000000000000000e+00,1.0366882291735948e+00,0.0000000000000000e+00,0.0000000000000000e+00,0.0000000000000000e+00,0.0000000000000000e+00,0.0000000000000000e+00,0.0000000000000000e+00,1.9079083163436649e+10,-7.7503473518667469e+17,0.0000000000000000e+00,0.0000000000000000e+00,9.7993193368448592e+29,0.0000000000000000e+00,1.9078865699212944e+10,-1.3318964233795109e+03,0.0000000000000000e+00,0.0000000000000000e+00,9.7970670681862654e+29,0.0000000000000000e+00,3.2656890227287542e+29,0.0000000000000000e+00,0.0000000000000000e+00,0.0000000000000000e+00,5.1348228359783211e+19,0.0000000000000000e+00,0.0000000000000000e+00,0.0000000000000000e+00,0.0000000000000000e+00,0.0000000000000000e+00,0.0000000000000000e+00,0.0000000000000000e+00,1.3333333333333339e+00,4.6049912552659036e+04,1.1891773488818711e-04,0.0000000000000000e+00,0.0000000000000000e+00,0.0000000000000000e+00,0.0000000000000000e+00,0.0000000000000000e+00,0.0000000000000000e+00,0.0000000000000000e+00,0.0000000000000000e+00,
0.0000000000000000e+00,1.0371414017716212e+00,1.2272197793102140e+02,1.2267271538829999e+02,1.0756622918131564e+00,1.5060704694209802e+04,1.5048617852853058e+04,1.5428244728732745e+04,9.7563714933093482e-01,0.0000000000000000e+00,0.0000000000000000e+00,0.0000000000000000e+00,1.0184013946751205e+00,0.0000000000000000e+00,0.0000000000000000e+00,0.0000000000000000e+00,0.0000000000000000e+00,0.0000000000000000e+00,0.0000000000000000e+00,2.2675927846270204e+09,-3.3944639245623181e+17,0.0000000000000000e+00,0.0000000000000000e+00,5.7365409347830181e+28,0.0000000000000000e+00,2.2674687061248302e+09,-3.0238586874900211e+03,0.0000000000000000e+00,0.0000000000000000e+00,5.7245533436695547e+28,0.0000000000000000e+00,1.9081844478898517e+28,0.0000000000000000e+00,0.0000000000000000e+00,0.0000000000000000e+00,2.5246192696171385e+19,0.0000000000000000e+00,0.0000000000000000e+00,0.0000000000000000e+00,0.0000000000000000e+00,0.0000000000000000e+00,0.0000000000000000e+00,0.0000000000000000e+00,1.3333333333333339e+00,3.2886840811396687e+04,1.0811760370780505e-05,0.0000000000000000e+00,0.0000000000000000e+00,0.0000000000000000e+00,0.0000000000000000e+00,0.0000000000000000e+00,0.0000000000000000e+00,0.0000000000000000e+00,0.0000000000000000e+00,
0.0000000000000000e+00,1.0247115429344935e+00,1.6271733665629080e+02,1.6265201934407270e+02,1.0500337471137735e+00,2.6476952478238280e+04,2.6455703623638696e+04,2.6957889743722913e+04,9.8168150940379961e-01,0.0000000000000000e+00,0.0000000000000000e+00,0.0000000000000000e+00,1.0122803676438747e+00,0.0000000000000000e+00,0.0000000000000000e+00,0.0000000000000000e+00,0.0000000000000000e+00,0.0000000000000000e+00,0.0000000000000000e+00,6.5413160796555865e+08,-1.8955123881490326e+17,0.0000000000000000e+00,0.0000000000000000e+00,1.0992534495354998e+28,0.0000000000000000e+00,6.5404423951033366e+08,-4.7815214735293875e+03,0.0000000000000000e+00,0.0000000000000000e+00,1.0910114524959892e+28,0.0000000000000000e+00,3.6367048416532964e+27,0.0000000000000000e+00,0.0000000000000000e+00,0.0000000000000000e+00,1.6680927506365688e+19,0.0000000000000000e+00,0.0000000000000000e+00,0.0000000000000000e+00,0.0000000000000000e+00,0.0000000000000000e+00,0.0000000000000000e+00,0.0000000000000000e+00,1.3333333333333339e+00,2.6897411339915230e+04,3.2108594660436918e-06,0.0000000000000000e+00,0.0000000000000000e+00,0.0000000000000000e+00,0.0000000000000000e+00,0.0000000000000000e+00,0.0000000000000000e+00,0.0000000000000000e+00,0.0000000000000000e+00,
0.0000000000000000e+00,1.0185150586170477e+00,2.0271455345974599e+02,2.0263318063216920e+02,1.0373729249103532e+00,4.1093211015407061e+04,4.1060232005960497e+04,4.1686305303766640e+04,9.8532286892511300e-01,0.0000000000000000e+00,0.0000000000000000e+00,0.0000000000000000e+00,1.0092150705118099e+00,0.0000000000000000e+00,0.0000000000000000e+00,0.0000000000000000e+00,0.0000000000000000e+00,0.0000000000000000e+00,0.0000000000000000e+00,2.6703475011239654e+08,-1.2078141223048843e+17,0.0000000000000000e+00,0.0000000000000000e+00,3.3674161229432210e+27,0.0000000000000000e+00,2.6696606974519631e+08,-6.6753465642707661e+03,0.0000000000000000e+00,0.0000000000000000e+00,3.3034068726918191e+27,0.0000000000000000e+00,1.1011356242306061e+27,0.0000000000000000e+00,0.0000000000000000e+00,0.0000000000000000e+00,1.2373849245918441e+19,0.0000000000000000e+00,0.0000000000000000e+00,0.0000000000000000e+00,0.0000000000000000e+00,0.0000000000000000e+00,0.0000000000000000e+00,0.0000000000000000e+00,1.3333333333333337e+00,2.3238659355122330e+04,6.5102145252539900e-01,0.0000000000000000e+00,0.0000000000000000e+00,0.0000000000000000e+00,0.0000000000000000e+00,0.0000000000000000e+00,0.0000000000000000e+00,0.0000000000000000e+00,0.0000000000000000e+00,
0.0000000000000000e+00,1.0148030997888564e+00,2.4271269864683333e+02,2.4261526993123007e+02,1.0298253314557557e+00,5.8909474916157837e+04,5.8862197614585464e+04,5.9613463717795436e+04,9.8775661593710384e-01,0.0000000000000000e+00,0.0000000000000000e+00,0.0000000000000000e+00,1.0073743592928122e+00,0.0000000000000000e+00,0.0000000000000000e+00,0.0000000000000000e+00,0.0000000000000000e+00,0.0000000000000000e+00,0.0000000000000000e+00,2.3024520549460854e+07,-8.3633035742641936e+16,0.0000000000000000e+00,0.0000000000000000e+00,3.0618390239914730e+26,0.0000000000000000e+00,2.2693141389050953e+07,-4.5768372875015164e+04,0.0000000000000000e+00,0.0000000000000000e+00,3.8548798736030662e+24,0.0000000000000000e+00,1.2849599578676883e+24,0.0000000000000000e+00,0.0000000000000000e+00,0.0000000000000000e+00,1.6986975746163062e+17,0.0000000000000000e+00,0.0000000000000000e+00,0.0000000000000000e+00,0.0000000000000000e+00,0.0000000000000000e+00,0.0000000000000000e+00,0.0000000000000000e+00,1.3333333333333339e+00,2.7473377374028037e+03,2.2213804321343941e-07,0.0000000000000000e+00,0.0000000000000000e+00,0.0000000000000000e+00,0.0000000000000000e+00,0.0000000000000000e+00,0.0000000000000000e+00,0.0000000000000000e+00,0.0000000000000000e+00,
0.0000000000000000e+00,1.0123309389803847e+00,2.8271137409891571e+02,2.8259788928242915e+02,1.0248139300721253e+00,7.9925741877052191e+04,7.9861598147923796e+04,8.0739353193517236e+04,9.8949804043399114e-01,0.0000000000000000e+00,0.0000000000000000e+00,0.0000000000000000e+00,1.0061465792650435e+00,0.0000000000000000e+00,0.0000000000000000e+00,0.0000000000000000e+00,0.0000000000000000e+00,0.0000000000000000e+00,0.0000000000000000e+00,1.7556898080784626e+07,-6.1317659907592960e+16,0.0000000000000000e+00,0.0000000000000000e+00,1.9427980357465192e+26,0.0000000000000000e+00,1.7346382760566629e+07,-4.2448211960041510e+04,0.0000000000000000e+00,0.0000000000000000e+00,2.6942003671823137e+24,0.0000000000000000e+00,8.9806678906077075e+23,0.0000000000000000e+00,0.0000000000000000e+00,0.0000000000000000e+00,1.5531766463077715e+17,0.0000000000000000e+00,0.0000000000000000e+00,0.0000000000000000e+00,0.0000000000000000e+00,0.0000000000000000e+00,0.0000000000000000e+00,0.0000000000000000e+00,1.3333333333333339e+00,2.6270548050406846e+03,1.3628611024443564e-07,0.0000000000000000e+00,0.0000000000000000e+00,0.0000000000000000e+00,0.0000000000000000e+00,0.0000000000000000e+00,0.0000000000000000e+00,0.0000000000000000e+00,0.0000000000000000e+00,
0.0000000000000000e+00,1.0105663259109565e+00,3.2271038086188872e+02,3.2258083981152544e+02,1.0212442990949404e+00,1.0414201074845665e+05,1.0405843245726466e+05,1.0506396785937528e+05,9.9080577165683015e-01,0.0000000000000000e+00,0.0000000000000000e+00,0.0000000000000000e+00,1.0052692802943857e+00,0.0000000000000000e+00,0.0000000000000000e+00,0.0000000000000000e+00,0.0000000000000000e+00,0.0000000000000000e+00,0.0000000000000000e+00,1.3958538227887731e+07,-4.6873593847216752e+16,0.0000000000000000e+00,0.0000000000000000e+00,1.3224689989692800e+26,0.0000000000000000e+00,1.3815156390103383e+07,-3.9753715139330619e+04,0.0000000000000000e+00,0.0000000000000000e+00,1.9889584539933742e+24,0.0000000000000000e+00,6.6298615133112463e+23,0.0000000000000000e+00,0.0000000000000000e+00,0.0000000000000000e+00,1.4396927643082206e+17,0.0000000000000000e+00,0.0000000000000000e+00,0.0000000000000000e+00,0.0000000000000000e+00,0.0000000000000000e+00,0.0000000000000000e+00,0.0000000000000000e+00,1.3333333333333337e+00,2.5292821225926896e+03,8.7543146660469975e-08,0.0000000000000000e+00,0.0000000000000000e+00,0.0000000000000000e+00,0.0000000000000000e+00,0.0000000000000000e+00,0.0000000000000000e+00,0.0000000000000000e+00,0.0000000000000000e+00,
0.0000000000000000e+00,1.0092435319832789e+00,3.6270960844715387e+02,3.6256401107427234e+02,1.0185725068675195e+00,1.3155828089250845e+05,1.3145269990525724e+05,1.3258730446307576e+05,9.9182388298629798e-01,0.0000000000000000e+00,0.0000000000000000e+00,0.0000000000000000e+00,1.0046111347078330e+00,0.0000000000000000e+00,0.0000000000000000e+00,0.0000000000000000e+00,0.0000000000000000e+00,0.0000000000000000e+00,0.0000000000000000e+00,1.1442571168350438e+07,-3.6991316753209904e+16,0.0000000000000000e+00,0.0000000000000000e+00,9.4772320736740369e+25,0.0000000000000000e+00,1.1339796288976172e+07,-3.7510287743783811e+04,0.0000000000000000e+00,0.0000000000000000e+00,1.5285921613127117e+24,0.0000000000000000e+00,5.0953072043757041e+23,0.0000000000000000e+00,0.0000000000000000e+00,0.0000000000000000e+00,1.3479888839647552e+17,0.0000000000000000e+00,0.0000000000000000e+00,0.0000000000000000e+00,0.0000000000000000e+00,0.0000000000000000e+00,0.0000000000000000e+00,0.0000000000000000e+00,1.3333333333333339e+00,2.4474198224798620e+03,5.4715740019745921e-08,0.0000000000000000e+00,0.0000000000000000e+00,0.0000000000000000e+00,0.0000000000000000e+00,0.0000000000000000e+00,0.0000000000000000e+00,0.0000000000000000e+00,0.0000000000000000e+00,
0.0000000000000000e+00,1.0747225018163948e+00,8.2731270336744004e+01,8.2698060696481761e+01,1.1550285303245080e+00,6.8444839103858121e+03,6.8389909276288072e+03,7.0974542623556381e+03,9.6363974973377609e-01,0.0000000000000000e+00,0.0000000000000000e+00,0.0000000000000000e+00,1.0366882291735948e+00,0.0000000000000000e+00,0.0000000000000000e+00,0.0000000000000000e+00,0.0000000000000000e+00,0.0000000000000000e+00,0.0000000000000000e+00,1.9079083163436649e+10,-7.7503473518667456e+17,0.0000000000000000e+00,0.0000000000000000e+00,9.7993193368448606e+29,0.0000000000000000e+00,1.9078865699212944e+10,-1.3318964233795109e+03,0.0000000000000000e+00,0.0000000000000000e+00,9.7970670681862668e+29,0.0000000000000000e+00,3.2656890227287542e+29,0.0000000000000000e+00,0.0000000000000000e+00,0.0000000000000000e+00,5.1348228359783219e+19,0.0000000000000000e+00,0.0000000000000000e+00,0.0000000000000000e+00,0.0000000000000000e+00,0.0000000000000000e+00,0.0000000000000000e+00,0.0000000000000000e+00,1.3333333333333339e+00,4.6049912552659036e+04,1.1891773488818713e-04,0.0000000000000000e+00,0.0000000000000000e+00,0.0000000000000000e+00,0.0000000000000000e+00,0.0000000000000000e+00,0.0000000000000000e+00,0.0000000000000000e+00,0.0000000000000000e+00,
0.0000000000000000e+00,1.0371414017716212e+00,1.2272197793102140e+02,1.2267271538830001e+02,1.0756622918131564e+00,1.5060704694209800e+04,1.5048617852853058e+04,1.5428244728732745e+04,9.7563714933093493e-01,0.0000000000000000e+00,0.0000000000000000e+00,0.0000000000000000e+00,1.0184013946751203e+00,0.0000000000000000e+00,0.0000000000000000e+00,0.0000000000000000e+00,0.0000000000000000e+00,0.0000000000000000e+00,0.0000000000000000e+00,2.2675927846270204e+09,-3.3944639242212070e+17,0.0000000000000000e+00,0.0000000000000000e+00,5.7365409347830181e+28,0.0000000000000000e+00,2.2674687061248302e+09,-3.0238586874900211e+03,0.0000000000000000e+00,0.0000000000000000e+00,5.7245533436695556e+28,0.0000000000000000e+00,1.9081844478898513e+28,0.0000000000000000e+00,0.0000000000000000e+00,0.0000000000000000e+00,2.5246192696171381e+19,0.0000000000000000e+00,0.0000000000000000e+00,0.0000000000000000e+00,0.0000000000000000e+00,0.0000000000000000e+00,0.0000000000000000e+00,0.0000000000000000e+00,1.3333333333333339e+00,3.2886840811396687e+04,1.0811760370780505e-05,0.0000000000000000e+00,0.0000000000000000e+00,0.0000000000000000e+00,0.0000000000000000e+00,0.0000000000000000e+00,0.0000000000000000e+00,0.0000000000000000e+00,0.0000000000000000e+00,
0.0000000000000000e+00,1.0247115429344935e+00,1.6271733665629080e+02,1.6265201934407267e+02,1.0500337471137735e+00,2.6476952478238276e+04,2.6455703623638692e+04,2.6957889743722902e+04,9.8168150940379961e-01,0.0000000000000000e+00,0.0000000000000000e+00,0.0000000000000000e+00,1.0122803676438747e+00,0.0000000000000000e+00,0.0000000000000000e+00,0.0000000000000000e+00,0.0000000000000000e+00,0.0000000000000000e+00,0.0000000000000000e+00,6.5413160796555865e+08,-1.8955123597585690e+17,0.0000000000000000e+00,0.0000000000000000e+00,1.0992534441906218e+28,0.0000000000000000e+00,6.5404423951033902e+08,-4.7815214735294239e+03,0.0000000000000000e+00,0.0000000000000000e+00,1.0910114471530257e+28,0.0000000000000000e+00,3.6367048238434180e+27,0.0000000000000000e+00,0.0000000000000000e+00,0.0000000000000000e+00,1.6680927424660273e+19,0.0000000000000000e+00,0.0000000000000000e+00,0.0000000000000000e+00,0.0000000000000000e+00,0.0000000000000000e+00,0.0000000000000000e+00,0.0000000000000000e+00,1.3333333333333337e+00,2.6897411275630428e+04,3.2108632310972057e-06,0.0000000000000000e+00,0.0000000000000000e+00,0.0000000000000000e+00,0.0000000000000000e+00,0.0000000000000000e+00,0.0000000000000000e+00,0.0000000000000000e+00,0.0000000000000000e+00,
0.0000000000000000e+00,1.0185150586170477e+00,2.0271455345974599e+02,2.0263318063216917e+02,1.0373729249103532e+00,4.1093211015407069e+04,4.1060232005960490e+04,4.1686305303766640e+04,9.8532286892511312e-01,0.0000000000000000e+00,0.0000000000000000e+00,0.0000000000000000e+00,1.0092150705118099e+00,0.0000000000000000e+00,0.0000000000000000e+00,0.0000000000000000e+00,0.0000000000000000e+00,0.0000000000000000e+00,0.0000000000000000e+00,2.6703475011239660e+08,-1.2078141223048845e+17,0.0000000000000000e+00,0.0000000000000000e+00,3.3674134840438961e+27,0.0000000000000000e+00,2.6696606974546245e+08,-6.6753465642752944e+03,0.0000000000000000e+00,0.0000000000000000e+00,3.3034042356098506e+27,0.0000000000000000e+00,1.1011347452032835e+27,0.0000000000000000e+00,0.0000000000000000e+00,0.0000000000000000e+00,1.2373839368265705e+19,0.0000000000000000e+00,0.0000000000000000e+00,0.0000000000000000e+00,0.0000000000000000e+00,0.0000000000000000e+00,0.0000000000000000e+00,0.0000000000000000e+00,1.3333333333333339e+00,2.3238650247025449e+04,6.5102145252539900e-01,0.0000000000000000e+00,0.0000000000000000e+00,0.0000000000000000e+00,0.0000000000000000e+00,0.0000000000000000e+00,0.0000000000000000e+00,0.0000000000000000e+00,0.0000000000000000e+00,
0.0000000000000000e+00,1.0148030997888564e+00,2.4271269864683330e+02,2.4261526993123002e+02,1.0298253314557559e+00,5.8909474916157829e+04,5.8862197614585450e+04,5.9613463717795443e+04,9.8775661593710384e-01,0.0000000000000000e+00,0.0000000000000000e+00,0.0000000000000000e+00,1.0073743592928122e+00,0.0000000000000000e+00,0.0000000000000000e+00,0.0000000000000000e+00,0.0000000000000000e+00,0.0000000000000000e+00,0.0000000000000000e+00,2.3024520549460847e+07,-8.3633035742641920e+16,0.0000000000000000e+00,0.0000000000000000e+00,3.0618390239914727e+26,0.0000000000000000e+00,2.2693141389050957e+07,-4.5768372875015171e+04,0.0000000000000000e+00,0.0000000000000000e+00,3.8548798736030984e+24,0.0000000000000000e+00,1.2849599578676993e+24,0.0000000000000000e+00,0.0000000000000000e+00,0.0000000000000000e+00,1.6986975746163206e+17,0.0000000000000000e+00,0.0000000000000000e+00,0.0000000000000000e+00,0.0000000000000000e+00,0.0000000000000000e+00,0.0000000000000000e+00,0.0000000000000000e+00,1.3333333333333339e+00,2.7473377374028146e+03,2.2213804321343936e-07,0.0000000000000000e+00,0.0000000000000000e+00,0.0000000000000000e+00,0.0000000000000000e+00,0.0000000000000000e+00,0.0000000000000000e+00,0.0000000000000000e+00,0.0000000000000000e+00,
0.0000000000000000e+00,1.0123309389803847e+00,2.8271137409891571e+02,2.8259788928242915e+02,1.0248139300721253e+00,7.9925741877052191e+04,7.9861598147923782e+04,8.0739353193517250e+04,9.8949804043399125e-01,0.0000000000000000e+00,0.0000000000000000e+00,0.0000000000000000e+00,1.0061465792650437e+00,0.0000000000000000e+00,0.0000000000000000e+00,0.0000000000000000e+00,0.0000000000000000e+00,0.0000000000000000e+00,0.0000000000000000e+00,1.7556898080784630e+07,-6.1317659907592960e+16,0.0000000000000000e+00,0.0000000000000000e+00,1.9427980357465192e+26,0.0000000000000000e+00,1.7346382760566629e+07,-4.2448211960041503e+04,0.0000000000000000e+00,0.0000000000000000e+00,2.6942003671823078e+24,0.0000000000000000e+00,8.9806678906076914e+23,0.0000000000000000e+00,0.0000000000000000e+00,0.0000000000000000e+00,1.5531766463077680e+17,0.0000000000000000e+00,0.0000000000000000e+00,0.0000000000000000e+00,0.0000000000000000e+00,0.0000000000000000e+00,0.0000000000000000e+00,0.0000000000000000e+00,1.3333333333333337e+00,2.6270548050406819e+03,1.3628611024443561e-07,0.0000000000000000e+00,0.0000000000000000e+00,0.0000000000000000e+00,0.0000000000000000e+00,0.0000000000000000e+00,0.0000000000000000e+00,0.0000000000000000e+00,0.0000000000000000e+00,
0.0000000000000000e+00,1.0105663259109567e+00,3.2271038086188872e+02,3.2258083981152532e+02,1.0212442990949406e+00,1.0414201074845664e+05,1.0405843245726466e+05,1.0506396785937531e+05,9.9080577165683004e-01,0.0000000000000000e+00,0.0000000000000000e+00,0.0000000000000000e+00,1.0052692802943857e+00,0.0000000000000000e+00,0.0000000000000000e+00,0.0000000000000000e+00,0.0000000000000000e+00,0.0000000000000000e+00,0.0000000000000000e+00,1.3958538227887733e+07,-4.6873593847216744e+16,0.0000000000000000e+00,0.0000000000000000e+00,1.3224689989692800e+26,0.0000000000000000e+00,1.3815156390103383e+07,-3.9753715139330619e+04,0.0000000000000000e+00,0.0000000000000000e+00,1.9889584539933774e+24,0.0000000000000000e+00,6.6298615133112570e+23,0.0000000000000000e+00,0.0000000000000000e+00,0.0000000000000000e+00,1.4396927643082232e+17,0.0000000000000000e+00,0.0000000000000000e+00,0.0000000000000000e+00,0.0000000000000000e+00,0.0000000000000000e+00,0.0000000000000000e+00,0.0000000000000000e+00,1.3333333333333339e+00,2.5292821225926918e+03,8.7543146660469975e-08,0.0000000000000000e+00,0.0000000000000000e+00,0.0000000000000000e+00,0.0000000000000000e+00,0.0000000000000000e+00,0.0000000000000000e+00,0.0000000000000000e+00,0.0000000000000000e+00,
0.0000000000000000e+00,1.0092435319832789e+00,3.6270960844715387e+02,3.6256401107427229e+02,1.0185725068675198e+00,1.3155828089250848e+05,1.3145269990525721e+05,1.3258730446307579e+05,9.9182388298629798e-01,0.0000000000000000e+00,0.0000000000000000e+00,0.0000000000000000e+00,1.0046111347078330e+00,0.0000000000000000e+00,0.0000000000000000e+00,0.0000000000000000e+00,0.0000000000000000e+00,0.0000000000000000e+00,0.0000000000000000e+00,1.1442571168350440e+07,-3.6991316753209904e+16,0.0000000000000000e+00,0.0000000000000000e+00,9.4772320736740386e+25,0.0000000000000000e+00,1.1339796288976172e+07,-3.7510287743783811e+04,0.0000000000000000e+00,0.0000000000000000e+00,1.5285921613127133e+24,0.0000000000000000e+00,5.0953072043757114e+23,0.0000000000000000e+00,0.0000000000000000e+00,0.0000000000000000e+00,1.3479888839647570e+17,0.0000000000000000e+00,0.0000000000000000e+00,0.0000000000000000e+00,0.0000000000000000e+00,0.0000000000000000e+00,0.0000000000000000e+00,0.0000000000000000e+00,1.3333333333333339e+00,2.4474198224798643e+03,5.4715740019745915e-08,0.0000000000000000e+00,0.0000000000000000e+00,0.0000000000000000e+00,0.0000000000000000e+00,0.0000000000000000e+00,0.0000000000000000e+00,0.0000000000000000e+00,0.0000000000000000e+00,

